$ANSIBLE_VAULT;1.1;AES256
38633739303430376438623861363737373665646138626433393436643433326130303033383364
3064303564666635663564333965353464626630363364300a326335383439333761386466393637
30656536346337613965623764666632383834656134366661303265363833646136336334356365
3735383131646231360a643738383130396238343432666465373462363361383836396131323663
62623262376262643662376632393136373337663937393937353234626231313533343436383734
39353566656566633738356666303439316337323436623361313662326433613737623537366263
64663435353635396362376132373262613366356334346237346231343133363530663037616565
63393732393765393462656334343063666335353139646237373463393436643431303765313936
33656461376537313163613736373861383136666363303562653138373030323062383135623861
35313666616437623032363564363239653230383436363465303265343331303133323066336239
64393338353034363136623062626536633033653339623832353533666336323932333363656233
36616230356632383836326631346163653230343364356166356435333163333332626333316538
33356665316333653336666230353132386266643737393463323031323733346434633630363130
63616362353239396362643734316234646132383330323938393939646337393034653661656265
63333436646562336239646262623863666633643436643461356439373331396433303462326132
35303461336432306237366239313932306234306637306236303866386230373139306663303061
33646164326334663863313332336436336665613730663433333631383166353030336164623361
35666433623534316136336235316537653261613334616266326364666265363063323938303161
33343138626335353637653562313061373639306564376230326164373033363532373231353430
61643638356262623437626533646366336632623862313466626338636436306231333635393235
66646363333732303064663330366265303434376465616638313262346637396539346361336166
30323434326162616136643838313461306166323165613138323964316562623664363633643435
32613765316237653133333063316439313633626438326333316234306436376265346235366161
64653139323338393965633362393437373235626532306166386361613532383630393265363839
62316338656163613436653838663162306333373265393637396362663339343564
