$ANSIBLE_VAULT;1.1;AES256
34643436363433363865343566313030363631303837343238666465376235663565373364303266
6438376138393230333963646535373133663233323539650a613061303733323965353834306462
37356538626235363065343765623465616530613934326365383330656238343334373832343165
3963623735343336650a393733663832643864353930333738396538653033653062366331303534
64623436353531333666633032626438353339626335646664356136666336373235646465633435
37366665323139306538326133373665653635386439663334393934313030633033313339376231
66396637633165313637623635323763356163313136626530616638336435313733633638313631
64396237356136653939646366663063656637316133303362366262636363376430323230333762
61363836633666643339616165393836333430313039363936643665336235393366363839373037
39636330326666393433396239356662656535396637376337373365373937316638393362623334
33666632653637303036356432643638376338343937643561346262643431653037303934626633
31373331373462303633663664343865356533653038313663623836353535643732623235356661
35313766396530313835343638623636353135396265613065336266396563376437653466643563
39366431623339633337636630343064643061366163333830653433353735633736383238373931
38393432303736336436663066326239336430623832376130333133313039383435306230363137
36376637346237613765326331646532383562613665666565366337303764323633313961373234
39323533333832656361363338303965343832656564396430353630383230663737386534313831
35306265623166376138333539626466633439393936323663656231313033363062326431646133
63373764393136656635336530633733316566643566663063373239623338623331313737306364
35323437613061363134616332663461643138386438363863386366326238383363346139376338
61633236303162343964636536336364623865373930373736386231653931653038316338623039
34346262353261343337303239333966346134643864393830636464373837653234306434623837
62666466393837643539396363643661373362313332303532393932653636326638313631356236
37366263356230643865303230613066363532663432326133306663306437396263306530653334
62363039656165663433333262353733313164616365366661323762366531623832383631653963
33336132646334383264633062363938636564396336633065353533393966326535656530613534
65633733663763633936656432376566353139363435643365346232653663313831323930646537
63653663656530393631313134353136393961373265313365383633633030373537343534653531
63616138353635656231333962666166646237323538353332313939633335616330656266623762
37366663333563356332353165653664306434313637323733363466323464633838663761383130
36326638646633653433613361623635383235663765326237623737653137346533613238313531
38346330316435386438383133666432303337313430353734616633303465336563383933353536
37346365326235353437386662626565633134343061343039313239356337393862376335393032
33646164656234303130353137353235333364313032656264633030663264613530646632393061
30636130666333373532656538613732366330653834653538363264376438626462323231366436
37633738396461623239613936343739363766376664643962373963333264646333613965336333
38616132373565636564363936346538643137643763343661363236663135636337353530333030
35363838356634666364656135386661333666366435353763336162613861373337663365343437
35303437616235376131363732303534613731353466626639313431623936613336613934353065
30363164653138633435396632343364343938336534663635626262616636316435636233393266
66623933313330343732333463653330323062653733656161353562653561383664353934376261
30656265393733363936376365363561333863653561613765396238613139613266343964633330
35333030653566336664343833383165386331336433613764656637306437396430363031386565
35363166643931663438333939613861353662613866663561306661343861373831303962663131
65613635333935326139643865313934353830383636376136613732316464373263386566333337
36303830656662393332346161353065306337346364353163303932633638633635316130646465
38343164623863666634313537633462616536623038383135646237353536333465646166343265
66303032643030633264313537356463383163303537353436323862613130663837306662343430
65636539316135393465613663386335616466643031643930396437366362393264636336326330
39303263656436623032626636656166633365633339663362663536366230623432633437636334
64336666613735316238633230623862383661346439633362653135633761653336343036333232
61353638643133313439636361663562653838363166386462383333613863646330643532623138
61383330623538613531393436353465396137623465323631656162613561336434323266373936
63643533663938353562663462626431646634626265643465633232313765386266366238326563
30383535333461396238643663626333633136303435306437333834306430326134383038343362
32376238316531353564356536333630643663373464333133333961633231333131376438363430
66306531366431356261616262643530613064326636333065313937366664633339366234653966
33306662346636653535333566346365333963393230306230326438333037656631383033613437
63363936643263613739373331366362396463356631373565343663313430623036623239323032
61383932633730336462613535393362313233343135613565626238373461393363353062393533
64643061333730636138663865646632366234386632373530363232636665343433303031663036
39643833326230623639396262306630316336643236373864366464393166363234613866326631
62346663306337306533366530623463653361626530366462303861643261333834396330336164
32646665336134663436386564336161373165353261303039363135366463363236393534616439
31633463656330663965376439376638396437373531333333613332616430373639376163316231
32353532343932656264386361373430663834623065343732356565346164303963343766393432
61616135386532616634383935353534313731333733326136363939303734396264346538613865
30613837646633363062303263613763373564333836306236643631636639376265636466613562
66663231623939383439616130383030663065616465636332633831303761616131363939343861
36343930616432643132663035636133363039343534323537356533383464303532616632326466
37343033313531363937613964623633343861343864366637656132656561666438386432376531
64373262666538383436353138316666326438313435376432326437383836376437326232646335
64313238663562353031393239343131393639313662646563316463633133323763666332356664
63303264613439393162323964633165323163393137303738646538306534366363373337323731
63356362643165393133616561373835623335393033333831616564376461363933663066366564
36663863333536636537653833666364353134356139656638633261663430366132373364376365
35616533633561653165313864626139303162323838323562386361326133303439376336316632
37383031643634373831346130346162326531326335636134396564623238306634303766303433
63633933626438386635626133623566383833333465376362626139643633343138303238656566
32653838353062613333626461333839326339373839653833613138303766383965303865386631
39313435353962643939353439326664386564323863333733653936363465653130623135316132
64663030613064636635336436366339333730633138356337323566346331663966323561346165
31306232386530306431383735386335323233623338353563313934343830333137313135336563
64343565313332313536396363626336396437333431393939326263616530653730356237366662
36353130323030386339376565636265363137616565653938343137613064303232646633643065
32333639663038313537393937326436353163346532623866663034373037636261356138356137
39333130393437666135396234633638363964376332623762636131326633376335383634326561
39396563323462623937373063353063393031663365636234323364363437373037323439643038
30396130383132313839663237333162653165623765666130386533336462383437633362356433
35333034623061623831666462363133373336353737356438353561653831353066643336356663
32636333396633343663323238363963383864393639366664326435666631346337323437666664
38633430323239653864326363646630363730316333643066373632316466383065643630363165
33613237363863646436383866366433363266643236323565373165656633353237633437323931
37353039306431323233386466383464343263343137373331656335323235633533303533303839
66383431663731656561663939393936653761323064613536663162386536303939396137323834
61626136393735663134626662396636353939356362333864633236623764333538366464323461
36303638366261386337346432336533363937663632353237306532313333666533656439643561
64373434353138383934386633396262653135373138633563623230653263393137393434356335
35613235326163663766643530306233323734323031633565326439353636633865623665373439
31323365653565663664326333646531623334346331646464636331356162366534363135343733
35623734343766386636373133363365386234303538393866303939303933633862393966393461
66646333633935663630616231633037623062353664643961623633373739626664613338306236
39393130626362306263636635343139313435663661663936316533646237626536343834363262
36353631306132393539613836633962326161366266316564393430656532346638643433663635
39656131316230613135336631383633383537366138393439636662326533393434313131363230
61643734333037646462613065313933613339363438353961653664333833363033396164633935
36616137663236373437656635376137363664393333613264653734393564646162633933613962
62313035653866663237616331353239663833396634306364383066353338333766623865623332
39316438376132346663356234643339313236306434393838653838346233306235333439393134
31643434313836316364363861386531643164316563303235313230653034613337396435616533
37313930373035393036643164626162656337343931643533316432313934623463653232613936
35653538333931333963326137363432323836356565313766633763396261653533633864623136
32326663303639616362323764343564383332303131666363366161653035646465373766613936
31626336333837366333623539623638663161643133663063623433373239663365343162653431
65633863653037623864653933633861633436633437353231626239313636653335353736656637
63353736313163303439383464343533633137383834323231363631623937633361643138343837
38353862316364633638353230343637336630316265633362373061333865663231376430316665
66623230393361623265346664333036616265626235323765306166623364636265303263353737
37653730366536393463343230323265613639363864613732366466333665336530303637623134
66336636303235366436353631643666613330313834363264386637646339633264303438346139
30616134333166373532396636346366313135613161653666396561653861346431393166656336
33316438653839356562613664323538613964383735626338613964663335363737396334356433
66396237343838306464613130366531336566613461343563643361343139316262656139333765
66316239666233313736333665303739613264343438363166656462626631333532653264323737
64623737306466336339373362326461313435396130633465373764653532323465396664396336
37323264616538626630623039333266313832623131356264613565616339306138353233643833
31313630353739656631396136656566633131303735623630356561373261376231623963383531
35383331366364623661383939343634643266653332623331636234663964353935633033383135
66643630643032313337653635373461333966396435646437383931333339616430356563326366
30316635373435303063376635623639306338376630613835373836333361383363393133303665
63346232393765313663633363613837653663353364303438313033653034363537333438363033
66313864386361633731626335323863343639653434633833303464316331396133663837333563
61313631393963336234613066616133303933396165633030316331383233396363626431643733
64363835623537616630316661373462316463616434343361356161636638636362636161636564
30643337326461333138636663346638313933373833633039323939643030306531306666636238
30666437656430616239386261313561613138396462663161663138363130373536356464356436
62663731306339333061646331316666386135343330636536313663366161356231386564646139
61366134363962656330613833383930383537383430336338643539313564366139306331366564
65616235623833336561663535316537653162616264363066666536353933646136346639373930
62623434636134393337303736616565306331366332666439613439333833363865373361313639
31313036353435633338313734663966656234366663626439323032303835346332626236326162
38656530346663316338383639303361333534303764353531376638616632346661396336373133
61323734313734323066303335383962656266333163343636383966656564303066663738333831
36393263313233346234613636373239653630376165396632623366623036383634386231386238
33336135333861653164316464323366356162353565373338663339646536383832376265393532
31623462396433393131656262666639333631626566383734303435616465333763396235303661
31396536306462383633396636336531376130633362393131653833636364643230366434396161
34306539373263303832316465646163626435383632376138363434383435393765363362666665
63646164666563366238626433333266383139393133346231393565613766303435623834363166
30613037383461386130326633663838643766376337306333616661313436313534653661336265
63303364626533623963363863393734643462323036313266643836303635616439336136353031
30623666363437303865616263346537653431633537636362643566336263663238356262373664
65333639396335623938356361303232306433666566363537653361373630633239366561623633
30396136616536363734313631313866623835333232646665386134613638366537323430616337
39653236626431346262623935333939623566326238313937316465613062646438396131336363
63383437613663656465653064323463396661626330623232316266323365326161656130613234
39303036656331616430623734366438396338633634613965663830343635666164623736396535
61393865653135346666376534653863346466616464313565626635663935373566623731633166
66633561663465313464343666363136626235313962373861633762313663323162336261356637
39666565666166333266373832346363313232333564353433336636643661643963313833313630
62643261356433653663386266653361303034393037353734316633636138383733623137346634
31393462633438666161396330313139643933663966376234663332353831613139613061303566
62356662333964343633633336383663646636616366633437303835623363323562643030366133
39313133663039633537613735643434393837343934393639343639613434623763303739346230
35633731373862363265656662653232323833323962316336613264373764303730613532343361
65333239666164333134646432663236393237323937313138633639316330323333316535323361
64333437346533386537616431326566373334623462363637643138363536353336393763613338
65613931646432316266643762313531303563613534383431326363633431663263366362653731
38373437396663326636313361616266346239663233303164666461646565626337316136356662
34316438383133653266666165336535646461623464666466376336363263636237303635646563
30656335356464656363613833653765653332613734316333346531656463343634326531653930
38353163303434386164623562653536343461393131643361653366343263623133333030316230
61653865353639326165663430366664373265373231636637376261343338386365303336326330
3761336366313837313964346535333863643436663735646432
